253.82,36.227,-8.1866,-26.164,-2.7884,31.113,24.585,27.503,34.259,17.489,-20.691,-14.921,33.938,-6.1696,6.0428,24.601,11.772,-75.65,11.508,-13.886,-30.372,20.123,-22.269,-6.3085,-16.872,10.402,23.155,-21.927,23.397,-7.5477,4.3724,54.424,15.211,21.323,-4.0829,-17.847,27.05,1.6521,30.232,-12.949,-14.688,38.613,29.851,-44.632,1.4437,4.3301,9.9709,16.242,-8.4274,-16.317,2.6935,5.3567,-2.3799,-5.4506,9.8937,-6.2725,-6.6162,2.1279,5.3336,70.139,-14.832,4.1688,49.144,22.924,-9.5037,-1.3504,-4.4511,-35.058,-23.096,27.956,2.7417,14.003,-3.6791,43.052,25.711,3.063,-44.38,12.9,-10.65,-7.1886,1.2615,-16.094,34.293,-61.058,-19.678,-19.21,7.6526,15.398,-31.314,-23.186,42.757,-28.339,12.582,23.594,9.9723,33.475,-1.9345,-13.229,-9.4315,-19.27
36.227,197.23,-3.7208,-51.354,6.3706,-7.1402,11.033,6.7466,29.015,7.5964,23.867,-7.3259,-0.48379,-5.5076,-44.38,-5.3178,-5.2696,-31.307,-8.8077,-13.035,-49.616,-2.597,-22.579,0.061406,-28.332,4.6068,-3.5803,-7.931,37.568,34.385,-29.282,14.098,5.1632,-32.321,2.6131,4.0288,8.3279,-14.765,-14.341,-22.728,0.59982,-25.018,14.739,-74.477,-14.006,12.346,16.357,11.277,-9.4025,-8.2245,23.485,4.9126,4.1062,-34.934,9.6368,-5.3826,10.658,6.1502,1.1118,40.468,-8.9411,-0.39402,-19.106,-6.2619,12.131,-18.777,14.574,-17.158,-27.351,27.797,26.675,-3.0211,-7.7591,-22.675,15.521,-13.416,-25.746,5.6381,20.566,7.574,21.2,24.969,-70.002,-10.359,17.753,6.4955,3.7419,-17.701,-44.579,-22.739,-38.96,-9.3698,16.111,29.996,-12.499,-9.1738,-18.37,-10.205,10.894,-12.909
-8.1866,-3.7208,174.95,-1.4286,14.842,52.181,-20.478,24.286,-19.702,4.9885,-17.05,-27.609,15.165,21.229,18.707,26.442,-18.842,-10.427,-24.536,-9.3467,17.14,-14.986,2.9416,11.564,6.2688,1.5029,33.604,-9.9701,-14.374,-25.104,21.985,-6.9966,29.227,16.496,-9.1754,2.9939,24.755,-28.276,-17.792,37.186,-14.97,11.506,13.419,9.5722,5.8432,7.2759,1.7414,18.915,-8.5893,20.529,9.0625,8.3296,-21.104,-8.2089,7.5975,-6.6151,-40.207,-14.462,4.4772,-29.859,-18.944,-31.515,-3.3858,45.014,3.665,15.402,14.896,1.6713,24.461,-11.235,18.978,-23.926,-3.1528,11.548,20.61,-0.44506,11.373,-29.901,15.858,-32.459,10.321,12.793,-10.271,6.7223,-17.585,-40.321,-11.405,11.32,-2.2395,23.936,-14.88,-9.9806,-19.152,-47.285,-1.8878,-19.36,1.9232,21.421,11.505,-14.327
-26.164,-51.354,-1.4286,244.1,-69.303,16.423,-7.0768,3.1768,32.222,-5.9438,-32.719,4.5537,-48.391,0.45557,29.049,19.284,1.738,54.267,-55.065,1.3002,-6.6388,17.715,18.935,23.358,29.657,-5.2727,16.818,28.669,-37.958,2.1003,9.1087,-12.414,-7.4056,-13.048,0.024274,24.008,6.7931,3.4026,-34.154,73.544,6.3115,-14.259,15.626,-19.141,-33.192,-15.861,-6.9491,-30.871,0.093225,43.52,0.47145,12.635,12.283,48.547,4.698,-39.557,-9.87,-40.286,30.448,8.4974,-6.3328,20.849,-28.902,-31.241,-8.1448,-16.872,1.416,9.3873,18.904,-1.7495,33.41,-26.309,-34.619,-10.521,18.972,13.813,5.8562,5.5214,-0.66807,-30.612,-7.9435,10.403,15.573,17.587,-8.186,-0.11817,33.257,14.97,2.6762,-17.313,34.679,-27.674,8.4389,6.9921,7.9004,-34.819,29.951,9.5955,-23.212,-22.837
-2.7884,6.3706,14.842,-69.303,198.24,32.32,-24.391,-17.805,-28.279,2.1844,-1.9641,3.5492,45.448,-24.514,11.169,8.4669,23.389,-55.873,41.128,-12.924,0.38708,-19.334,4.7168,-9.1805,-8.7632,-10.72,1.9026,10.702,14.354,15.64,27.151,43.614,-26.553,-17.846,-17.744,10.765,5.0548,17.774,23.188,-11.829,-12.939,1.0131,1.0547,33.862,44.934,-6.6283,-8.2472,-12.992,-30.432,-33.33,-16.162,2.0313,-18.537,-26.434,13.208,32.527,5.3231,10.828,-32.869,-52.355,23.64,-29.523,-12.148,13.028,12.666,14.486,21,-50.131,-6.8168,-26.682,-42.977,16.667,32.76,-58.802,35.956,8.1012,-3.6087,-0.15567,12.473,33.071,-2.4034,38.336,-6.0146,6.6642,5.7312,5.1991,-26.448,-0.25612,-10.387,24.292,-10.205,7.5306,-3.0334,14.42,-18.054,11.001,-36.148,-15.015,23.722,20.882
31.113,-7.1402,52.181,16.423,32.32,184.91,-14.575,10.363,-39.535,41.404,-14.333,2.0087,12.47,-42.178,18.236,27.65,7.4843,38.087,13.966,7.4339,13.442,-22.404,1.1822,7.7998,-9.6697,-23.099,51.012,3.1792,5.8187,11.398,30.545,41.806,20.344,-9.2278,-19.535,-16.99,11.618,-4.1814,-5.8371,27.201,-30.302,-1.5914,2.0685,-38.076,5.8047,-19.851,1.3975,-41.493,1.8445,11.053,7.074,-0.37555,-18.695,3.372,20.389,-37.193,-0.26601,-35.393,-9.0318,-19.37,2.4328,-13.443,2.5394,37.593,35.974,-8.3393,31.289,-39.483,14.17,4.7538,21.323,-17.407,-19.218,-10.61,43.486,-0.90996,-0.56782,-13.987,3.0313,-6.9049,-8.1337,3.8867,-23.088,-26.942,-14.678,-37.07,11.297,27.793,-19.45,-50.154,4.0041,15.577,-26.925,-7.8021,-0.65056,-13.47,-1.2195,33.785,-25.277,-4.7111
24.585,11.033,-20.478,-7.0768,-24.391,-14.575,222.66,-10.275,-3.3015,-22.587,9.1942,-6.9248,-45.594,20.407,-0.95322,-23.255,-17.379,-42.563,14.793,-19.282,-26.832,-15.714,26.811,-31.787,2.6311,-8.994,0.22536,41.88,-18.469,-6.0942,5.4254,-32.269,-17.43,-14.801,-23.926,25.277,-34.563,-2.4407,8.2763,35.889,10.731,29.462,-10.396,30.18,-21.295,-11.351,-11.291,23.506,42.554,0.88831,31.209,14.01,20.114,-22.427,-6.618,0.54751,-17.208,-24.579,-0.032035,28.456,-13.719,52.492,-29.104,7.9325,1.8706,-36.594,-13.094,-12.859,16.278,14.555,2.3853,13.42,-3.473,29.986,-52.212,17.072,-38.803,6.9677,-27.968,9.4897,8.994,21.874,-15.024,-59.738,-2.9771,-4.9,17.557,-29.594,-4.9227,-3.9438,-26.29,16.3,25.895,14.252,10.073,-8.9616,4.1792,-16.096,-1.5262,-27.067
27.503,6.7466,24.286,3.1768,-17.805,10.363,-10.275,234.37,19.436,3.1539,-5.5979,-36.535,-8.8827,-28.742,-11.901,3.2106,21.113,9.2328,-4.3912,-24.629,-3.594,16.915,18.093,-8.1542,23.456,-30.159,22.735,-13.553,48.27,-25.974,3.6402,8.1058,6.5914,44.673,-13.141,30.832,49.891,25.437,-38.96,16.777,15.15,-4.5306,-10.988,-63.364,-29.393,-2.6717,-27.394,34.289,28.915,32.657,-51.511,38.455,-16.511,-18.311,1.0206,-11.662,-60.291,-26.064,10.422,7.062,-49.372,-31.23,-15.381,2.4665,13.353,7.7411,2.1034,-45.626,-26.428,-17.147,58.028,5.0522,17.635,-7.1324,-27.827,1.3327,-19.474,-20.05,8.877,-10.568,18.599,37.284,-20.217,12.508,-20.677,-9.2513,-2.0139,8.2688,-37.302,46.817,-8.4783,-16.299,2.3677,-13.709,-29.145,-35.845,-19.457,-8.838,49.475,-12.695
34.259,29.015,-19.702,32.222,-28.279,-39.535,-3.3015,19.436,189.63,-26.423,-29.277,28.298,18.723,-29.304,17.679,-18.154,-15.543,11.606,-49.576,34.899,-47.44,47.526,-4.2208,11.813,-15.311,14.48,-5.678,4.737,10.593,18.906,22.436,-16.166,-16.909,-34.922,9.7995,8.5029,46.584,-8.7574,-0.89411,-26.389,50.241,-13.951,22.451,-52.371,-16.63,7.7162,-13.936,-7.0648,-15.394,24.512,-9.9348,-21.559,9.0102,-3.4799,-0.48389,-8.1113,-52.86,12.758,13.362,45.425,-23.03,39.958,-34.307,-20.273,21.113,-42.927,3.7625,-18.752,-24.43,13.278,1.4542,-9.0369,-14.085,-2.69,-10.232,25.069,-13.895,0.23768,2.9323,-11.084,11.414,7.3243,-31.046,-11.659,-6.5329,-11.331,22.933,-25.655,16.529,-23.063,14.886,-30.721,0.96722,28.635,1.4016,-3.4339,-8.668,-20.531,1.8757,-37.649
17.489,7.5964,4.9885,-5.9438,2.1844,41.404,-22.587,3.1539,-26.423,268.64,1.7145,-18.942,-18.398,-9.0768,8.3931,36.314,4.3534,18.033,-5.4259,-8.5461,-1.2581,2.8772,7.1632,15.491,-2.1107,-24.941,7.8953,-18.458,-2.7445,5.68,-35.627,48.788,26.281,26.982,30.442,-43.277,-21.637,23.934,35.018,18.7,-25.555,0.51883,-47.009,-55.737,-32.516,-50.263,-2.9366,-10.761,-19.055,32.679,-0.562,-28.324,-41.665,40.253,-12.543,8.3349,-22.529,-4.2818,-5.2639,-13.963,13.487,-30.523,-0.57623,20.022,3.1131,-38.423,-27.803,2.407,-18.088,71.781,-13.809,3.4027,-36.504,-16.068,15.61,-13.025,-6.2961,-49.006,30.366,-28.049,-42.184,-30.542,32.269,-18.848,-2.139,-21.435,-10.485,19.462,-9.3266,14.527,16.042,-0.28219,24.371,-15.705,-9.2777,2.4042,-25.805,55.135,27.131,13.262
-20.691,23.867,-17.05,-32.719,-1.9641,-14.333,9.1942,-5.5979,-29.277,1.7145,204.29,-28.985,5.7328,-26.975,-36.26,-31.925,3.4249,-6.8639,5.3059,7.3549,4.3792,-16.952,-30.287,4.4332,-34.186,-11.927,14.111,-32.29,10.976,-16.74,-9.4766,-1.9978,-40.269,7.1986,-23.718,9.1994,-11.09,-7.0792,-23.827,11.367,-17.585,0.12715,4.0762,-24.112,33.55,28.376,10.897,32.249,17.064,-19.047,-9.2621,22.012,12.4,8.7188,18.145,39.354,55.42,10.637,13.293,11.92,40.875,-20.259,-2.6979,5.5379,4.6619,2.6028,12.693,-33.768,-4.8741,-15.15,49.756,17.867,33.201,9.3637,-12.518,-39.716,-0.62662,20.619,19.582,59.365,25.132,-21.846,-11.525,-26.582,17.621,20.382,7.6188,-34.156,1.6329,10.124,7.6504,-5.9994,11.495,-13.539,6.2962,17.721,16.265,8.761,-24.968,-12.203
-14.921,-7.3259,-27.609,4.5537,3.5492,2.0087,-6.9248,-36.535,28.298,-18.942,-28.985,183.76,-0.994,-3.657,23.841,3.7026,0.32201,0.36901,1.7186,5.9736,-31.906,-14.748,3.9847,-25.688,-0.72152,8.1859,32.497,18.88,-5.3719,35.158,7.3541,22.251,21.046,-44.901,-10.934,-5.7894,6.1285,-0.84647,-20.745,-24.781,-16.994,21.865,-5.9527,24.772,2.3784,-33.695,-31.969,-21.898,-31.78,16.591,-17.691,-11.709,-28.463,9.5811,17.326,28.867,18.224,15.987,19.08,36.235,5.4835,42.951,10.617,-27.035,-10.835,4.8174,19.321,-39.06,34.865,23.797,-41.244,-6.0864,-15.549,11.075,-7.0046,7.376,-25.468,48.51,-2.2915,32.307,0.068499,-14.392,1.1239,16.383,1.6503,-34.822,27.583,-32.744,27.585,-27.809,22.01,44.962,58.412,-2.7419,8.8461,19.877,-15.915,-4.0424,-4.3486,14.987
33.938,-0.48379,15.165,-48.391,45.448,12.47,-45.594,-8.8827,18.723,-18.398,5.7328,-0.994,216.4,-41.4,-5.6789,10.481,-17.169,-10.332,-11.5,-27.243,16.23,-12.34,-9.2568,-1.9525,-0.11366,11.611,-22.691,17.423,11.86,-3.8736,-5.7671,36.352,-23.237,16.839,-25.349,19.64,23.335,-67.168,25.94,-4.0719,-3.0639,-20.847,11.184,-5.3986,27.444,-7.9386,-7.9876,46.461,-38.383,-10.703,19.021,17.456,31.108,-15.902,15.881,-4.6148,23.443,-20.257,0.40355,-16.014,-33.834,-50.393,34.068,8.2938,-11.59,-11.919,-18.925,45.496,-31.197,-12.711,-16.406,10.997,-2.536,-21.098,12.783,7.5751,27.002,-7.3278,31.272,36.273,33.375,-4.876,11.816,-0.99778,-35.224,22.917,10.769,15.244,-28.35,-1.192,13.305,-24.047,2.2038,2.145,17.125,23.623,10.615,-33.135,6.0231,11.142
-6.1696,-5.5076,21.229,0.45557,-24.514,-42.178,20.407,-28.742,-29.304,-9.0768,-26.975,-3.657,-41.4,224.49,4.802,36.11,2.2575,22.035,-22.766,-18.909,18.627,23.361,8.6165,17.455,35.492,6.4691,-11.042,-35.241,-2.1948,15.122,-7.9952,-25.668,36.7,22.499,3.1975,-8.9832,-5.6677,-47.476,7.2936,-16.106,-40.656,66.081,-37.608,19.345,-18.997,44.657,-26.226,-14.255,-10.493,14.646,-1.8486,-18.517,29.931,-13.572,-47.459,23.949,-23.852,7.8716,4.8613,-3.8282,1.5965,9.2131,-14.249,30.329,2.6931,43.522,2.7497,27.083,-20.686,6.896,-26.109,-33.693,18.265,14.522,4.8921,-16.531,4.6127,-50.361,-31.245,-3.951,-19.083,23.784,19.107,-16.351,28.797,-33.632,-20.568,13.803,-14.003,13.357,-4.4903,-12.126,0.55337,-33.147,-20.832,-9.4535,28.993,47.937,32.301,-5.0292
6.0428,-44.38,18.707,29.049,11.169,18.236,-0.95322,-11.901,17.679,8.3931,-36.26,23.841,-5.6789,4.802,224.28,9.4111,-14.77,-13.595,-27.653,22.866,-20.168,-16.634,-45.243,3.8118,43.376,-26.088,38.888,40.043,-38.48,33.613,15.708,-0.61942,17.345,-7.8917,-36.809,39.438,21.877,37.743,19.504,13.488,1.4979,16.157,0.90326,8.4594,27.634,4.1999,-46.285,31.432,9.0883,23.213,-25.687,1.7101,-12.282,-24.457,16.006,9.7656,-30.868,46.232,25.472,-29.046,-7.8161,-20.32,-20.647,9.3466,5.6818,-8.2575,-13.444,-57.07,-39.342,-21.428,-30.068,-10.776,-20.056,5.4314,14.623,1.1946,23.483,20.548,11.728,4.0868,-47.487,7.5278,8.8917,29.928,6.5503,-33.938,-25.964,16.276,9.5692,-4.7931,12.499,35.189,16.567,-30.966,-9.2337,18.257,3.4342,5.6568,-27.168,25.383
24.601,-5.3178,26.442,19.284,8.4669,27.65,-23.255,3.2106,-18.154,36.314,-31.925,3.7026,10.481,36.11,9.4111,160.12,-25.33,12.463,-22.921,-22.13,-12.849,24.303,-25.421,-3.4351,12.082,-25.511,-9.1949,-5.6682,-4.9164,11.936,-12.298,48.819,33.245,16.817,-27.744,9.6963,-7.3444,-10.601,30.558,20.638,15.047,2.8798,-36.13,-25.893,12.958,29.238,17.236,21.126,-20.884,21.869,11.626,-18.663,27.934,36.49,-11.637,2.5328,3.2206,7.2878,27.627,-17.733,-16.771,-6.0488,9.8848,22.253,-23.493,-13.971,-10.412,-8.2957,-19.19,-16.404,-10.752,-26.78,-15.761,-30.724,28.652,17.33,-1.0582,-9.6022,-11.132,-16.445,-10.195,5.0569,8.2622,13.401,-38.147,-26.482,10.026,7.9411,-21.399,-22.805,10.888,-4.9482,0.51392,-3.8575,9.9213,-14.102,-11.678,17.257,12.904,6.279
11.772,-5.2696,-18.842,1.738,23.389,7.4843,-17.379,21.113,-15.543,4.3534,3.4249,0.32201,-17.169,2.2575,-14.77,-25.33,219.4,12.373,55.992,10.758,15.543,5.3416,17.276,-4.2668,-16.807,10.125,-24.178,-5.3688,14.402,-48.704,5.3475,12.197,26.326,39.719,-15.063,-9.6562,50.607,-12.764,28.989,-4.9354,20.499,-19.71,9.7977,24.398,-26.043,-49.399,-54.961,-19.129,-1.9153,-26.278,14.727,-8.0045,25.726,-11.048,21.422,-22.729,-1.5167,-30.798,-25.043,-50.68,-29.819,5.3779,-6.8187,-1.4963,14.343,13.073,34.489,7.1737,-26.217,17.769,-13.619,-8.67,15.352,-5.3485,-3.287,-3.4639,-13.741,-5.9348,-9.3748,1.7305,-24.666,-0.016405,-16.087,-26.082,-25.525,24.221,-53.15,18.761,-12.786,41.427,9.3626,-28.939,-18.523,-1.6854,5.0445,8.4241,15.192,4.6824,28.286,-18.655
-75.65,-31.307,-10.427,54.267,-55.873,38.087,-42.563,9.2328,11.606,18.033,-6.8639,0.36901,-10.332,22.035,-13.595,12.463,12.373,201.91,-14.147,23.972,19.841,-2.0987,34.158,20.236,23.46,-7.5238,13.082,-28.669,5.1836,1.4321,-4.7964,-49.934,1.2023,-1.5548,22.011,-9.3478,-12.36,-44.734,-4.5835,14.035,7.0808,-7.8868,-21.289,-43.12,-37.613,-27.522,-14.853,-40.437,8.8701,26.89,8.6019,-27.735,10.178,43.759,-13.994,-22.539,-5.6012,-26.715,8.7416,-12.363,-13.801,9.3828,-16.133,-17.7,21.931,-1.2154,18.126,32.142,-8.6738,-0.61049,29.651,-49.024,3.7103,-21.08,-13.46,-4.2507,34.907,-53.934,14.925,-5.2152,9.0328,-33.163,-35.444,14.122,-11.823,-15.594,-2.074,18.631,-5.2795,-0.39839,14.202,-11.148,-26.175,0.59133,-19.146,-51.177,22.856,46.576,-4.1163,4.7224
11.508,-8.8077,-24.536,-55.065,41.128,13.966,14.793,-4.3912,-49.576,-5.4259,5.3059,1.7186,-11.5,-22.766,-27.653,-22.921,55.992,-14.147,182.25,17.163,33.546,-19.973,43.246,-0.70566,-12.491,-6.3466,-17.311,12.704,44.41,-25.263,19.467,-2.7373,14.509,-17.631,-24.149,3.2626,19.415,21.716,-12.045,-44.66,0.026112,-3.1062,-13.042,47.6,-34.807,-21.563,9.7306,-21.403,-20.541,-61.33,16.769,-9.5655,-35.581,11.312,8.5519,-28.439,19.665,-12.443,-12.792,-9.484,17.276,-5.0458,24.656,16.335,-1.4377,19.802,-19.338,1.0117,-2.9484,-21.513,-3.9372,6.6873,5.4092,6.4091,10.243,-13.706,4.9021,13.306,3.4226,16.267,-20.249,-25.894,17.523,4.1092,8.4017,53.444,-18.286,-19.32,4.5393,36.713,-1.0956,23.539,-18.852,-29.866,15.566,2.4636,2.9131,-38.992,29.265,-12.653
-13.886,-13.035,-9.3467,1.3002,-12.924,7.4339,-19.282,-24.629,34.899,-8.5461,7.3549,5.9736,-27.243,-18.909,22.866,-22.13,10.758,23.972,17.163,181.22,1.9248,-0.17579,-13.783,21.247,-12.96,-4.2415,-28.332,12.332,-40.046,-19.135,12.363,-30.949,-7.4456,-18.43,13.243,-5.4363,-4.5211,4.273,-25.008,-27.468,1.6337,-24.756,29.836,6.821,16.46,15.023,-9.9173,-25.825,14.858,-31.317,15.468,-13.164,-6.4577,40.848,32.789,-18.093,7.5772,35.566,-6.7323,16.664,11.954,15.434,-14.451,-17.202,30.345,-33.778,23.024,-48.582,29.327,18.913,-27.134,3.4355,-5.1848,-18.24,-0.23616,14.03,2.8792,26.033,-0.8238,-26.492,-55.735,-9.7102,19.933,35.083,35.335,-15.309,-11.015,-15.346,41.399,16.977,55.248,9.5123,-30.444,25.741,-25.503,-8.1974,-7.0202,41.312,-60.578,13.635
-30.372,-49.616,17.14,-6.6388,0.38708,13.442,-26.832,-3.594,-47.44,-1.2581,4.3792,-31.906,16.23,18.627,-20.168,-12.849,15.543,19.841,33.546,1.9248,131.39,-9.7108,24.078,-3.1393,12.397,-8.025,-1.17,-19.299,-8.5314,-15.492,36.466,-3.7648,-9.3866,9.5955,-5.1415,-12.212,-12.757,-32.492,6.1755,-4.4903,-17.107,8.2704,-0.79005,19.521,5.9808,-14.673,-0.5319,-36.496,-18.888,-36.749,-0.20952,7.2267,-6.7523,-22.885,2.9061,-13.699,-10.747,-10.597,-18.345,-21.181,17.582,-33.178,24.995,-3.9018,-4.1841,9.0119,-16.004,23.813,22.714,3.0184,-3.6377,-0.46522,1.8303,4.3545,-9.2439,16.476,1.7503,-19.449,14.284,-15.397,12.702,5.7886,22.435,22.013,1.8451,18.018,-2.1541,18.711,-36.595,31.006,-30.321,-3.512,-26.605,-37.702,-8.032,3.0548,20.018,-10.174,31.325,-18.476
20.123,-2.597,-14.986,17.715,-19.334,-22.404,-15.714,16.915,47.526,2.8772,-16.952,-14.748,-12.34,23.361,-16.634,24.303,5.3416,-2.0987,-19.973,-0.17579,-9.7108,184.04,-17.595,0.070177,48.625,-16.33,-27.557,9.2607,0.62315,15.877,7.3269,34.029,38.055,-12.708,23.517,-9.481,14.584,13.259,-21.2,-28.417,-26.527,-7.7008,40.307,-22.819,-9.6315,0.69186,23.403,-41.129,-7.032,41.703,-22.282,-15.696,10.87,-13.088,-33.935,-17.331,9.3187,-7.7374,8.9941,10.974,11.311,-9.1989,-17.809,-8.5943,4.8317,-42.436,4.3195,31.49,-35.619,18.229,11.594,12.78,29.215,2.6394,-0.52015,17.348,7.2904,31.485,14.109,-41.651,-8.3724,13.464,14.07,29.477,-3.4976,-4.979,16.501,25.88,-11.211,-35.113,18.735,-23.621,-26.376,23.69,-7.7264,16.729,23.336,11.555,19.439,-38.731
-22.269,-22.579,2.9416,18.935,4.7168,1.1822,26.811,18.093,-4.2208,7.1632,-30.287,3.9847,-9.2568,8.6165,-45.243,-25.421,17.276,34.158,43.246,-13.783,24.078,-17.595,194.29,7.0056,-3.549,-14.569,-27.659,-0.37095,8.3059,-25.15,19.381,-17.39,-4.6067,24.537,11.644,-41.376,-6.0152,-46.42,-8.0586,4.4742,-34.783,22.009,-7.1803,5.8681,-53.724,-34.291,13.781,-44.721,-41.344,-21.286,10.42,-1.6741,-1.4357,-12.855,1.8996,-8.5611,-37.879,-25.048,-18.753,3.8495,-17.61,20.423,-1.2888,-12.085,16.012,4.2444,2.2024,46.534,13.117,56.689,9.2294,-0.98652,14.296,-10.211,-1.7337,-3.9571,22.201,-36.273,20.272,0.21394,64.588,-2.0653,-17.211,4.1703,-55.033,8.9159,44.12,-7.1799,7.1453,6.4877,17.21,9.9197,16.777,6.9982,7.7356,8.2932,-1.1246,-15.024,35.018,-22.596
-6.3085,0.061406,11.564,23.358,-9.1805,7.7998,-31.787,-8.1542,11.813,15.491,4.4332,-25.688,-1.9525,17.455,3.8118,-3.4351,-4.2668,20.236,-0.70566,21.247,-3.1393,0.070177,7.0056,132.48,1.3028,17.493,-24.229,-8.3705,2.1758,8.7648,-18.597,-12.796,-35.172,11.971,13.936,-14.745,29.958,-22.375,-31.065,-19.402,-33.595,-15.612,33.47,-4.7738,-31.966,13.398,0.89666,-10.604,-6.1906,-3.691,-22.651,16.296,-0.80721,47.359,-1.6815,0.85745,-29.559,5.0237,-6.8313,-29.856,8.5582,-9.6893,-25.341,5.0244,6.7193,-0.89402,1.7375,-22.269,-2.3404,1.5878,-10.505,-12.929,-37.632,-15.532,20.559,-21.058,27.318,-32.637,18.424,6.8225,12.242,-24.229,-6.453,12.818,19.064,11.126,15.665,28.236,-2.6378,-0.77046,31.601,-12.741,0.64819,-17.234,-3.295,-35.406,-18.642,7.5545,-7.6579,5.0322
-16.872,-28.332,6.2688,29.657,-8.7632,-9.6697,2.6311,23.456,-15.311,-2.1107,-34.186,-0.72152,-0.11366,35.492,43.376,12.082,-16.807,23.46,-12.491,-12.96,12.397,48.625,-3.549,1.3028,190.21,-51.076,21.168,-23.051,-38.372,-14.092,-12.874,-25.796,21.674,16.311,9.231,34.082,-14.623,-19.752,-28.271,-3.3859,-37.395,47.167,22.31,-21.687,2.1391,11.741,-8.3062,0.44751,32.395,35.78,-41.299,-3.9275,-5.6804,-32.333,-50.802,17.487,21.825,-23.888,32.395,-52.595,-26.943,1.5766,6.3488,38.4,13.993,-26.353,3.2612,15.381,-9.6839,3.8905,-3.7857,-12.311,5.2561,-1.1022,-21.161,1.4825,40.516,7.3203,-31.357,-24.171,-9.4661,39.85,-4.5557,22.398,-26.338,-15.865,-0.1907,40.732,-16.916,-0.010107,-14.043,-14.729,11.308,-16.718,-49.053,-23.426,4.9255,0.5261,4.7071,45.217
10.402,4.6068,1.5029,-5.2727,-10.72,-23.099,-8.994,-30.159,14.48,-24.941,-11.927,8.1859,11.611,6.4691,-26.088,-25.511,10.125,-7.5238,-6.3466,-4.2415,-8.025,-16.33,-14.569,17.493,-51.076,168.89,7.8276,-18.486,-17.195,11.722,4.7234,-10.365,-48.202,11.401,14.383,-22.887,-23.815,-14.077,3.7844,0.69428,16.73,-24.317,11.829,23.854,-20.15,-22.466,8.7107,-5.6175,-14.514,-10.148,10.504,14.316,21.342,0.54896,19.688,-8.0724,-28.951,43.95,-37.785,-16.003,0.97864,-5.1831,2.7235,15.397,-61.9,6.7025,-0.62888,26.585,-5.2608,16.734,23.323,-24.529,-30.549,20.25,7.628,-38.072,-2.0522,13.46,-20.986,-3.8126,54.008,-2.0147,11.376,-9.2014,1.7245,15.523,-10.538,-16.567,34.819,-17.575,-6.785,-15.539,27.353,21.397,15.622,-5.9191,-3.153,-28.53,-25.397,-2.3425
23.155,-3.5803,33.604,16.818,1.9026,51.012,0.22536,22.735,-5.678,7.8953,14.111,32.497,-22.691,-11.042,38.888,-9.1949,-24.178,13.082,-17.311,-28.332,-1.17,-27.557,-27.659,-24.229,21.168,7.8276,213.28,-19.182,-9.316,0.90671,8.3061,11.601,21.896,12.345,-6.0587,-10.833,-0.78721,75.273,-19.202,29.339,-8.0813,37.861,6.1611,-25.221,10.658,-4.9927,-36.991,8.1971,18.624,20.108,-48.059,-2.15,-55.434,-15.91,37.6,-25.007,-12.154,5.2432,26.477,1.2492,13.431,-30.038,6.5436,32.846,-10.568,11.63,13.185,-15.559,32.349,-45.285,27.141,-10.234,-18.016,-4.9259,4.8228,13.676,-33.341,-6.2015,-20.347,-17.092,-6.8101,-5.9734,9.7005,-5.7855,5.2396,-59.364,3.7213,7.765,24.119,-35.896,-50.735,-3.7808,-3.2883,-19.987,-2.7907,17.253,9.1677,-5.373,-20.885,1.5559
-21.927,-7.931,-9.9701,28.669,10.702,3.1792,41.88,-13.553,4.737,-18.458,-32.29,18.88,17.423,-35.241,40.043,-5.6682,-5.3688,-28.669,12.704,12.332,-19.299,9.2607,-0.37095,-8.3705,-23.051,-18.486,-19.182,250.35,-31.62,33.436,24.647,-7.2207,17.275,-29.617,7.832,22.583,2.8289,60.986,41.44,3.7205,27.997,-36.738,11.955,72.488,35.71,-66.74,0.25578,19.254,-0.22443,10.299,10.461,14.773,-5.1484,-1.3026,37.179,-43.846,19.642,-15.643,6.8306,14.539,4.5854,-19.04,25.312,-43.594,-24.878,1.3463,-10.23,25.288,-18.578,-38.867,-30.489,16.703,15.464,-26.147,17.788,66.57,-24.314,43.866,40.38,0.53448,-27.727,3.5653,34.11,45.374,-29.681,11.198,43.346,10.676,10.872,4.4084,-3.0442,39.108,1.3091,-5.3571,9.3109,-25.498,4.4564,18.061,8.5864,24.849
23.397,37.568,-14.374,-37.958,14.354,5.8187,-18.469,48.27,10.593,-2.7445,10.976,-5.3719,11.86,-2.1948,-38.48,-4.9164,14.402,5.1836,44.41,-40.046,-8.5314,0.62315,8.3059,2.1758,-38.372,-17.195,-9.316,-31.62,207.91,-33.547,-6.4362,31.583,22.853,-7.6145,-12.35,0.67054,15.173,-5.8212,8.7917,-46.382,-4.0448,-22.242,0.27118,-27.322,-37.686,23.457,2.0665,3.1974,-24.651,-11.925,-29.684,-25.146,-29.924,16.602,-20.581,-7.0532,15.21,-19.106,-19.225,11.961,24.911,-14.064,26.272,-0.97656,10.598,33.826,10.496,-36.929,-20.336,-25.428,-3.4383,-2.3283,29.462,-13.862,3.7204,-20.095,-23.376,1.4374,2.2539,62.107,-19.249,-0.46481,-11.874,-24.948,-0.39633,24.319,4.3985,-15.584,-32.851,20.194,-12.578,-10.158,-23.544,10.947,60.549,0.6319,2.1905,26.189,47.048,-3.5413
-7.5477,34.385,-25.104,2.1003,15.64,11.398,-6.0942,-25.974,18.906,5.68,-16.74,35.158,-3.8736,15.122,33.613,11.936,-48.704,1.4321,-25.263,-19.135,-15.492,15.877,-25.15,8.7648,-14.092,11.722,0.90671,33.436,-33.547,270.68,-21.837,-31.74,2.9773,-25.052,-4.1634,28.64,-20.579,24.544,-32.666,-44.798,-8.8292,-22.994,13.398,6.3856,-2.0098,13.785,-12.685,-6.0612,-13.139,7.945,14.615,-0.93853,-25.659,-11.916,16.131,-5.8794,14.216,-8.2815,-4.9754,30.114,18.372,-3.5973,-8.9526,-31.114,-9.4475,-33.695,-33.427,24.976,-0.079523,25.907,8.5412,10.358,-30.383,12.943,-0.40931,36.384,15.579,10.935,-2.5959,10.297,-30.558,29.043,-22.14,-14.096,-0.8206,-50.602,-1.3473,17.26,-49.728,-70.593,2.3686,14.727,13.88,-9.0745,-30.95,-26.668,26.07,11.002,-6.0727,10.697
4.3724,-29.282,21.985,9.1087,27.151,30.545,5.4254,3.6402,22.436,-35.627,-9.4766,7.3541,-5.7671,-7.9952,15.708,-12.298,5.3475,-4.7964,19.467,12.363,36.466,7.3269,19.381,-18.597,-12.874,4.7234,8.3061,24.647,-6.4362,-21.837,215.13,55.643,-16.532,-16.705,-23.695,-27.414,10.673,1.147,3.9256,-12.73,4.5054,9.3845,18.871,2.5361,25.97,3.1392,-7.2691,-59.774,-28.885,20.107,15.588,38.687,20.304,-15.049,9.1396,-21.192,-78.951,48.886,8.8015,-6.5547,22.907,16.884,-5.8476,3.4626,15.995,-29.56,-46.565,-55.136,4.0111,-19.613,18.765,-11.916,-32.17,-24.464,1.4123,-13.537,-18.225,-3.0214,-2.1274,-24.559,36.363,18.366,33.13,15.785,-6.1999,22.904,-10.469,-34.898,37.394,30.304,1.0402,40.289,-21.296,-44.957,7.3179,2.362,26.756,-13.966,17.078,-29.128
54.424,14.098,-6.9966,-12.414,43.614,41.806,-32.269,8.1058,-16.166,48.788,-1.9978,22.251,36.352,-25.668,-0.61942,48.819,12.197,-49.934,-2.7373,-30.949,-3.7648,34.029,-17.39,-12.796,-25.796,-10.365,11.601,-7.2207,31.583,-31.74,55.643,220.74,41.661,-17.328,-30.038,-38.756,10.12,23.44,9.3252,-3.0608,-9.6007,-9.6144,10.816,-49.62,13.327,15.687,0.98969,-35.252,-51.079,-1.0542,16.344,-11.401,0.96598,-10.195,16.046,-2.3298,-16.044,16.075,-12.318,21.79,27.246,-32.392,6.7189,9.1435,32.396,-32.812,-7.1223,-39.927,-22.95,28.183,-2.899,17.68,-13.101,-24.241,27.341,-11.583,-29.154,14.142,-33.306,-11.224,10.714,-17.912,12.934,3.7324,-1.0571,-5.6649,0.22503,-1.5343,-5.1235,0.65189,-2.4018,17.476,1.4772,24.58,50.275,24.497,-1.557,-13.566,24.011,-19.203
15.211,5.1632,29.227,-7.4056,-26.553,20.344,-17.43,6.5914,-16.909,26.281,-40.269,21.046,-23.237,36.7,17.345,33.245,26.326,1.2023,14.509,-7.4456,-9.3866,38.055,-4.6067,-35.172,21.674,-48.202,21.896,17.275,22.853,2.9773,-16.532,41.661,234.52,-7.9222,-17.589,-3.3142,0.55867,-14.52,-10.136,-30.039,-26.706,45.348,-1.18,-44.138,-4.3606,-0.58153,-36.119,-15.866,13.237,9.6164,14.362,-40.108,-18.845,2.8234,-10.753,-37.085,28.534,-13.599,23.386,-3.2445,-5.82,8.6179,9.573,26.426,-1.9852,-16.039,-0.32875,12.475,-3.1128,-8.7343,-27.237,20.796,17.715,33.608,-9.4667,24.626,-11.849,36.403,2.2582,-4.3317,-59.634,-27.685,20.355,10.651,8.1205,-50.638,-52.688,55.558,-39.55,7.7061,-18.883,-28.139,-8.3003,42.095,11.701,24.73,-15.236,31.07,31.777,45.939
21.323,-32.321,16.496,-13.048,-17.846,-9.2278,-14.801,44.673,-34.922,26.982,7.1986,-44.901,16.839,22.499,-7.8917,16.817,39.719,-1.5548,-17.631,-18.43,9.5955,-12.708,24.537,11.971,16.311,11.401,12.345,-29.617,-7.6145,-25.052,-16.705,-17.328,-7.9222,171.74,20.999,-15.271,-25.982,-6.3437,17.34,17.572,26.857,-3.1498,16.978,10.721,-22.096,18.503,-18.683,24.805,-3.0802,3.4042,-28.237,26.21,29.342,-1.6274,-8.0817,0.40137,-11.958,1.7155,-4.362,-44.149,-47.162,-8.9215,21.625,17.316,-18.291,0.59243,-3.0105,36.455,4.9497,-22.222,27.515,20.634,4.6625,-28.739,-16.928,-16.149,26.388,-41.942,-3.6466,-0.50034,-8.3021,-6.438,18.238,-22.169,-42.452,-24.17,12.34,7.8835,0.85236,20.283,-18.341,-33.322,-1.9672,-33.601,2.1749,7.1321,-18.392,33.7,13.332,-7.4364
-4.0829,2.6131,-9.1754,0.024274,-17.744,-19.535,-23.926,-13.141,9.7995,30.442,-23.718,-10.934,-25.349,3.1975,-36.809,-27.744,-15.063,22.011,-24.149,13.243,-5.1415,23.517,11.644,13.936,9.231,14.383,-6.0587,7.832,-12.35,-4.1634,-23.695,-30.038,-17.589,20.999,192.77,-12.149,-51.337,23.964,13.679,-2.5974,-9.2055,25.244,21.506,19.941,-53.206,-12.175,20.86,-1.8407,8.0993,-6.7823,-12.479,-21.205,-36.457,-4.8008,-8.2604,-12.21,-9.1154,8.0729,-11.779,-18.079,8.4466,-4.2414,44.842,0.87855,-11.732,-12.733,-6.5931,52.764,15.359,-1.4529,13.374,-12.461,21.771,2.0255,-7.3332,6.7462,-12.776,-31.537,22.487,-30.593,1.7191,4.6258,15.227,9.279,-10.754,-6.4244,16.314,42.311,-4.8945,11.929,32.465,-28.386,6.2279,10.233,1.9158,-6.5737,-25.196,2.8329,19.352,-2.2327
-17.847,4.0288,2.9939,24.008,10.765,-16.99,25.277,30.832,8.5029,-43.277,9.1994,-5.7894,19.64,-8.9832,39.438,9.6963,-9.6562,-9.3478,3.2626,-5.4363,-12.212,-9.481,-41.376,-14.745,34.082,-22.887,-10.833,22.583,0.67054,28.64,-27.414,-38.756,-3.3142,-15.271,-12.149,202.77,34.355,-40.571,-9.4095,14.342,47.186,20.089,-31.326,-0.98413,-7.3162,-5.2133,1.1166,71.926,20.096,8.3939,-14.147,33.823,13.501,-14.476,-14.79,-5.8683,56.176,-27.635,-0.19048,-16.931,-38.319,-3.7705,-22.387,27.455,30.24,7.4471,-18.609,9.3297,3.0987,-25.509,23.884,1.8127,7.352,1.2604,-0.95084,38.952,19.453,22.192,11.605,29.859,-52.21,38.653,-36.058,-10.773,-9.5691,-10.612,-32.099,8.6006,3.9199,-5.3011,4.1933,-30.601,-12.239,-0.51208,-0.85006,-37.625,8.6257,3.3652,18.09,-14.96
27.05,8.3279,24.755,6.7931,5.0548,11.618,-34.563,49.891,46.584,-21.637,-11.09,6.1285,23.335,-5.6677,21.877,-7.3444,50.607,-12.36,19.415,-4.5211,-12.757,14.584,-6.0152,29.958,-14.623,-23.815,-0.78721,2.8289,15.173,-20.579,10.673,10.12,0.55867,-25.982,-51.337,34.355,206.91,-18.139,-29.705,-34.918,-1.3448,3.5759,-5.7879,-47.202,-26.464,-8.8812,-18.859,-3.6084,13.649,8.6007,-32.432,22.444,12.015,-19.799,-13.662,-26.429,-32.618,-45.998,15.34,19.636,-32.966,16.57,-44.151,-3.7033,46.437,18.627,13.452,-2.8741,-6.5531,-18.25,37.251,-13.225,-6.3163,2.707,-0.73973,-4.1957,4.9571,-14.511,28.46,-1.4284,-6.8435,43.852,-31.971,-11.766,-13.706,18.191,-39.95,-1.337,14.026,1.0055,8.3399,-13.533,-62.596,-37.268,8.122,-14.358,-0.82267,-52.519,14.264,-22.583
1.6521,-14.765,-28.276,3.4026,17.774,-4.1814,-2.4407,25.437,-8.7574,23.934,-7.0792,-0.84647,-67.168,-47.476,37.743,-10.601,-12.764,-44.734,21.716,4.273,-32.492,13.259,-46.42,-22.375,-19.752,-14.077,75.273,60.986,-5.8212,24.544,1.147,23.44,-14.52,-6.3437,23.964,-40.571,-18.139,292.33,27.049,30.063,22.498,-7.5733,9.4975,63.826,17.701,2.4621,5.1397,12.458,19.012,19.839,-37.101,-6.1557,-78.079,20.253,47,18.048,-21.549,41.907,28.193,31.369,48.25,-0.88902,35.081,1.0264,-34.377,-6.9896,-23.875,-52.555,-9.4797,-31.613,23.508,8.7906,21.246,-26.422,-2.1241,16.74,-16.178,-11.407,-39.466,-12.043,-65.081,-8.8781,33.562,26.91,30.369,-11.816,16.884,-25.897,44.133,5.6008,-5.5266,64.66,-4.2501,-45.557,36.578,39.251,-26.194,-21.269,-11.31,-2.4825
30.232,-14.341,-17.792,-34.154,23.188,-5.8371,8.2763,-38.96,-0.89411,35.018,-23.827,-20.745,25.94,7.2936,19.504,30.558,28.989,-4.5835,-12.045,-25.008,6.1755,-21.2,-8.0586,-31.065,-28.271,3.7844,-19.202,41.44,8.7917,-32.666,3.9256,9.3252,-10.136,17.34,13.679,-9.4095,-29.705,27.049,175.97,-5.1192,34.567,9.9196,-23.679,35.457,26.65,-23.365,18.087,25.538,6.6516,-16.482,10.537,-6.7524,14.6,-7.1369,-0.45272,11.817,0.95252,17.244,-5.1851,-35.059,-0.67438,-7.4809,57.354,12.377,-37.507,15.795,-32.975,10.189,-34.583,17.686,-34.632,-27.804,15.391,-19.205,16.066,36.391,-8.7379,-32.398,6.2318,-19.111,-15.093,-26.519,20.425,-33.298,-28.683,13.906,4.4201,11.672,-16.737,7.3112,-14.473,7.8809,12.129,-3.2813,26.242,14.617,-36.499,-7.8448,0.17503,16.965
-12.949,-22.728,37.186,73.544,-11.829,27.201,35.889,16.777,-26.389,18.7,11.367,-24.781,-4.0719,-16.106,13.488,20.638,-4.9354,14.035,-44.66,-27.468,-4.4903,-28.417,4.4742,-19.402,-3.3859,0.69428,29.339,3.7205,-46.382,-44.798,-12.73,-3.0608,-30.039,17.572,-2.5974,14.342,-34.918,30.063,-5.1192,210.09,10.912,26.576,-36.394,20.631,40.818,-62.593,-11.289,56.393,25.688,27.542,6.1381,1.8487,-6.8771,20.949,10.176,16.954,-28.697,-51.499,13.813,24.055,-23.314,-3.5616,-27.773,13.062,-14.791,-19.315,35.632,27.436,0.33591,-11.453,27.908,-9.3025,14.635,11.433,31.37,-6.5222,16.529,-4.6457,-7.737,7.3288,12.926,-22.296,10.33,8.1902,-4.8189,-0.7181,9.3959,-11.604,5.5874,0.21617,-6.637,-12.648,-22.567,37.602,1.5985,-1.2954,22.055,38.505,12.001,-12.706
-14.688,0.59982,-14.97,6.3115,-12.939,-30.302,10.731,15.15,50.241,-25.555,-17.585,-16.994,-3.0639,-40.656,1.4979,15.047,20.499,7.0808,0.026112,1.6337,-17.107,-26.527,-34.783,-33.595,-37.395,16.73,-8.0813,27.997,-4.0448,-8.8292,4.5054,-9.6007,-26.706,26.857,-9.2055,47.186,-1.3448,22.498,34.567,10.912,240.41,-53.021,-11.788,47.355,-18.431,27.334,-21.758,53.05,9.3099,4.4861,-7.2263,-33.301,40.957,-26.064,6.5431,-0.26007,-10.09,-5.2308,0.31931,-19.525,-3.3334,18.65,-0.58383,9.1955,-11.602,-17.382,36.886,-3.7427,-32.992,-51.197,22.81,-12.513,-25.854,-2.9344,17.382,-25.106,-14.586,-24.691,-43.933,-21.715,-27.733,-19.948,-8.868,-29.756,-22.713,-8.3884,-3.5613,-41.601,38.791,8.9542,-27.562,-12.937,-47.342,-10.676,17.928,-24.739,-15.881,-17.04,-17.524,-25.114
38.613,-25.018,11.506,-14.259,1.0131,-1.5914,29.462,-4.5306,-13.951,0.51883,0.12715,21.865,-20.847,66.081,16.157,2.8798,-19.71,-7.8868,-3.1062,-24.756,8.2704,-7.7008,22.009,-15.612,47.167,-24.317,37.861,-36.738,-22.242,-22.994,9.3845,-9.6144,45.348,-3.1498,25.244,20.089,3.5759,-7.5733,9.9196,26.576,-53.021,196.56,-13.342,-19.17,2.4731,3.5045,-39.09,27.906,35.37,8.8624,-23.282,3.82,-23.884,-30.678,-8.3094,23.354,-11.896,-6.1695,19.7,36.506,7.3395,22.777,0.80495,55.069,-1.1147,36.134,6.5913,6.226,1.1316,26.703,-13.809,-13.18,21.566,48.09,-16.831,-15.897,5.9977,-8.5698,-22.639,31.924,5.8368,12.423,19.879,3.1712,11.305,-30.411,-6.9608,-2.8549,2.5969,-17.191,16.914,-9.7964,12.283,-4.9369,-8.7406,24.617,-8.7979,-8.1051,18.507,-15.196
29.851,14.739,13.419,15.626,1.0547,2.0685,-10.396,-10.988,22.451,-47.009,4.0762,-5.9527,11.184,-37.608,0.90326,-36.13,9.7977,-21.289,-13.042,29.836,-0.79005,40.307,-7.1803,33.47,22.31,11.829,6.1611,11.955,0.27118,13.398,18.871,10.816,-1.18,16.978,21.506,-31.326,-5.7879,9.4975,-23.679,-36.394,-11.788,-13.342,199.64,-15.817,1.4,39.079,-13.202,-19.146,49.498,-27.621,-35.556,26.283,12.477,-24.128,31.445,-20.519,6.6715,5.519,-11.216,-5.9662,33.276,-6.4007,-2.588,0.49964,19.621,-40.455,15.315,-15.903,11.958,39.643,-15.242,-9.4322,-18.674,2.3859,19.751,-1.2751,-15.867,40.521,-10.758,-11.933,-10.235,22.038,12.622,8.0286,-6.264,-30.835,8.638,30.51,-23.787,4.0606,23.543,-52.854,-5.6632,-0.0069122,11.584,12.529,4.5732,-25.132,-24.194,-10.279
-44.632,-74.477,9.5722,-19.141,33.862,-38.076,30.18,-63.364,-52.371,-55.737,-24.112,24.772,-5.3986,19.345,8.4594,-25.893,24.398,-43.12,47.6,6.821,19.521,-22.819,5.8681,-4.7738,-21.687,23.854,-25.221,72.488,-27.322,6.3856,2.5361,-49.62,-44.138,10.721,19.941,-0.98413,-47.202,63.826,35.457,20.631,47.355,-19.17,-15.817,274.24,36.113,-9.9139,46.005,3.2693,-57.718,-33.877,6.2135,1.4654,3.9062,9.7212,10.891,22.651,-18.874,20.574,-0.4086,-57.431,48.91,11.424,38.292,-10.019,-28.875,29.351,5.0736,-22.286,31.31,-47.471,-68.244,22.097,17.565,9.1326,31.862,29.811,17.675,-11.371,-33.272,1.5989,-24.51,-36.727,47.454,13.078,-3.3107,12.994,-27.491,-11.217,14.235,20.365,13.278,59.651,14.566,-15.31,-2.1994,-8.5454,-7.4197,10.922,2.9045,-17.897
1.4437,-14.006,5.8432,-33.192,44.934,5.8047,-21.295,-29.393,-16.63,-32.516,33.55,2.3784,27.444,-18.997,27.634,12.958,-26.043,-37.613,-34.807,16.46,5.9808,-9.6315,-53.724,-31.966,2.1391,-20.15,10.658,35.71,-37.686,-2.0098,25.97,13.327,-4.3606,-22.096,-53.206,-7.3162,-26.464,17.701,26.65,40.818,-18.431,2.4731,1.4,36.113,196.23,-8.6288,37.8,32.772,-3.2585,-5.0339,0.05712,12.335,4.1848,14.832,6.2529,55.033,23.563,11.393,16.174,13.987,18.681,-47.142,-1.3948,-24.056,-6.1707,17.494,21.327,-33.432,-19.8,-28.933,-49.997,45.557,29.465,-12.326,26.347,31.276,-10.377,36.965,-9.4869,1.902,-0.60751,-14.831,6.7931,18.707,11.33,-17.705,8.0922,-6.9498,7.7121,-9.9259,-17.806,31.72,-6.1289,39.144,-18.322,27.867,22.763,44.101,-2.2973,27.974
4.3301,12.346,7.2759,-15.861,-6.6283,-19.851,-11.351,-2.6717,7.7162,-50.263,28.376,-33.695,-7.9386,44.657,4.1999,29.238,-49.399,-27.522,-21.563,15.023,-14.673,0.69186,-34.291,13.398,11.741,-22.466,-4.9927,-66.74,23.457,13.785,3.1392,15.687,-0.58153,18.503,-12.175,-5.2133,-8.8812,2.4621,-23.365,-62.593,27.334,3.5045,39.079,-9.9139,-8.6288,226.4,-1.4101,-6.3582,8.5152,3.4539,-31.629,-8.672,62.862,-12.408,10.062,-6.2099,-5.8097,47.783,20.735,-24.885,34.241,-1.4041,17.415,39.058,29.079,-4.5494,0.69358,-51.561,-32.925,-10.473,-2.6159,-2.2752,-15.083,-25.282,-15.645,-11.734,-17.62,-0.81601,-79.798,-9.9127,-20.347,31.028,2.8784,-11.876,42.802,-45.829,-12.244,0.13936,18.008,-8.8787,2.0153,-4.9582,-0.29185,4.8675,7.4285,9.3874,-7.8155,-43.489,-28.18,-25.314
9.9709,16.357,1.7414,-6.9491,-8.2472,1.3975,-11.291,-27.394,-13.936,-2.9366,10.897,-31.969,-7.9876,-26.226,-46.285,17.236,-54.961,-14.853,9.7306,-9.9173,-0.5319,23.403,13.781,0.89666,-8.3062,8.7107,-36.991,0.25578,2.0665,-12.685,-7.2691,0.98969,-36.119,-18.683,20.86,1.1166,-18.859,5.1397,18.087,-11.289,-21.758,-39.09,-13.202,46.005,37.8,-1.4101,184.12,-20.093,-40.408,-12.102,10.738,7.4048,8.9965,6.7837,-36.356,18.423,18.92,15.049,-9.4047,10.51,18.551,12.938,28.923,-4.7047,-4.8598,9.1543,-18.307,-16.332,14.565,0.062044,11.133,26.435,23.27,-8.1088,0.042465,33.36,6.2069,6.4639,12.404,-27.257,34.483,-4.7164,-17.462,-1.3765,-38.306,21.267,11.511,-15.844,-6.5456,-42.025,4.2437,10.142,5.7992,15.653,20.154,-2.1395,-13.248,-3.2431,-21.759,-24.48
16.242,11.277,18.915,-30.871,-12.992,-41.493,23.506,34.289,-7.0648,-10.761,32.249,-21.898,46.461,-14.255,31.432,21.126,-19.129,-40.437,-21.403,-25.825,-36.496,-41.129,-44.721,-10.604,0.44751,-5.6175,8.1971,19.254,3.1974,-6.0612,-59.774,-35.252,-15.866,24.805,-1.8407,71.926,-3.6084,12.458,25.538,56.393,53.05,27.906,-19.146,3.2693,32.772,-6.3582,-20.093,204.33,33.105,-13.954,10.911,8.0195,-9.4914,-5.465,33.38,31.077,-0.81099,-13.064,2.7439,-5.3771,-33.503,-11.76,-8.7212,15.22,-48.264,14.074,-7.0784,24.698,-7.8804,-39.496,0.70939,-9.3207,-4.4616,22.778,-7.472,-11.588,14.426,4.8722,7.8198,39.809,-19.401,-0.017808,-6.2731,-7.6466,-32.618,13.375,-1.2075,6.6238,11.303,9.7704,4.9897,-22.235,13.634,-24.069,28.674,-2.4161,-12.38,-8.1874,16.357,24.639
-8.4274,-9.4025,-8.5893,0.093225,-30.432,1.8445,42.554,28.915,-15.394,-19.055,17.064,-31.78,-38.383,-10.493,9.0883,-20.884,-1.9153,8.8701,-20.541,14.858,-18.888,-7.032,-41.344,-6.1906,32.395,-14.514,18.624,-0.22443,-24.651,-13.139,-28.885,-51.079,13.237,-3.0802,8.0993,20.096,13.649,19.012,6.6516,25.688,9.3099,35.37,49.498,-57.718,-3.2585,8.5152,-40.408,33.105,204.77,8.1471,-44.046,8.3089,-2.4442,-18.81,-18.628,-12.368,34.944,-15.845,9.1508,-9.906,-7.1314,0.99227,-9.9105,29.67,6.2627,-17.409,32.983,1.0053,14.467,12.027,30.504,-2.3553,-1.3125,43.224,-26.078,-17.643,10.85,12.395,-21.856,11.539,-30.177,16.377,-11.304,-47.442,24.393,-24.424,-29.419,19.393,-5.4899,-31.679,12.824,-54.266,-41.979,13.278,-4.0954,-0.89563,-31.012,6.7689,-43.194,37.719
-16.317,-8.2245,20.529,43.52,-33.33,11.053,0.88831,32.657,24.512,32.679,-19.047,16.591,-10.703,14.646,23.213,21.869,-26.278,26.89,-61.33,-31.317,-36.749,41.703,-21.286,-3.691,35.78,-10.148,20.108,10.299,-11.925,7.945,20.107,-1.0542,9.6164,3.4042,-6.7823,8.3939,8.6007,19.839,-16.482,27.542,4.4861,8.8624,-27.621,-33.877,-5.0339,3.4539,-12.102,-13.954,8.1471,167.71,-21.608,6.1569,9.7298,20.353,-28.372,3.9171,-11.393,-0.090004,37.06,30.19,-28.168,8.7885,-12.078,15.308,7.899,-18.09,7.0895,5.8393,-41.077,4.9346,11.633,-26.943,-15.572,3.0602,-14.307,3.5236,14.146,4.0164,5.1464,-22.382,5.1079,22.388,12.421,5.8779,-9.0098,-31.678,16.96,-1.283,27.613,-32.474,11.645,18.259,-14.15,-29.276,-4.2283,-15.244,17.048,26.92,-1.5893,-6.4937
2.6935,23.485,9.0625,0.47145,-16.162,7.074,31.209,-51.511,-9.9348,-0.562,-9.2621,-17.691,19.021,-1.8486,-25.687,11.626,14.727,8.6019,16.769,15.468,-0.20952,-22.282,10.42,-22.651,-41.299,10.504,-48.059,10.461,-29.684,14.615,15.588,16.344,14.362,-28.237,-12.479,-14.147,-32.432,-37.101,10.537,6.1381,-7.2263,-23.282,-35.556,6.2135,0.05712,-31.629,10.738,10.911,-44.046,-21.608,197.62,-15.215,5.5111,9.3467,36.986,-5.275,-12.561,9.2221,-30.944,-15.596,-35.283,29.741,-1.6927,-25.607,-22.912,-14.827,-10.098,31.579,4.0125,16.719,-14.184,-7.4274,-11.82,15.17,-13.38,2.5883,36.169,-25.219,-7.3752,-32.394,-15.074,-23.793,-29.321,1.347,3.2614,20.518,-19.415,-2.4884,-16.895,36.403,-0.94773,23.598,36.376,1.6875,-13.174,-10.894,22.87,-9.6376,10.949,-6.1041
5.3567,4.9126,8.3296,12.635,2.0313,-0.37555,14.01,38.455,-21.559,-28.324,22.012,-11.709,17.456,-18.517,1.7101,-18.663,-8.0045,-27.735,-9.5655,-13.164,7.2267,-15.696,-1.6741,16.296,-3.9275,14.316,-2.15,14.773,-25.146,-0.93853,38.687,-11.401,-40.108,26.21,-21.205,33.823,22.444,-6.1557,-6.7524,1.8487,-33.301,3.82,26.283,1.4654,12.335,-8.672,7.4048,8.0195,8.3089,6.1569,-15.215,148.59,18.088,-2.9788,6.4847,11.586,-12.805,8.1936,-7.9515,0.31485,-21.432,-18.5,4.1453,-3.1402,20.99,25.65,-23.725,-13.876,35.932,3.0984,4.5488,7.083,-23.971,-39.357,-22.569,4.2014,8.2479,-1.3324,12.228,-14.954,36.936,15.224,-11.498,19.149,12.42,33.864,-14.151,11.048,-8.5596,13.073,-0.53427,17.443,24.363,-29.437,-24.483,-1.5711,-4.996,-11.319,17.045,-17.547
-2.3799,4.1062,-21.104,12.283,-18.537,-18.695,20.114,-16.511,9.0102,-41.665,12.4,-28.463,31.108,29.931,-12.282,27.934,25.726,10.178,-35.581,-6.4577,-6.7523,10.87,-1.4357,-0.80721,-5.6804,21.342,-55.434,-5.1484,-29.924,-25.659,20.304,0.96598,-18.845,29.342,-36.457,13.501,12.015,-78.079,14.6,-6.8771,40.957,-23.884,12.477,3.9062,4.1848,62.862,8.9965,-9.4914,-2.4442,9.7298,5.5111,18.088,216.36,-20.519,-4.8465,-2.6785,5.4314,62.501,15.695,-58.641,-33.06,43.25,-48.752,21.153,25.938,-19.652,0.35671,4.1811,-42.914,15.033,-3.7874,5.8648,10.298,-25.307,13.029,-28.259,32.967,-6.7744,-19.094,20.294,24.467,-5.9137,-7.0056,-7.0263,-37.242,7.8919,-71.175,5.66,3.1159,8.5411,7.0629,-27.535,16.086,29.83,1.3532,-8.5585,-10.443,-29.432,4.7914,-12.269
